time,x,y,z,ψ,θ,φ
0.0,0.0,0.0,25.5,0.0,0.0,0.0
0.05,0.0,0.0,25.5,0.0,0.5,0.0
0.1,0.0,0.0,25.5,0.0,1.0,0.0
0.15000000000000002,0.0,0.0,25.5,0.0,1.5,0.0
0.2,0.0,0.0,25.5,0.0,2.0,0.0
0.25,0.0,0.0,25.5,0.0,2.5,0.0
0.30000000000000004,0.0,0.0,25.5,0.0,3.0,0.0
0.35000000000000003,0.0,0.0,25.5,0.0,3.5,0.0
0.4,0.0,0.0,25.5,0.0,4.0,0.0
0.45,0.0,0.0,25.5,0.0,4.5,0.0
0.5,0.0,0.0,25.5,0.0,5.0,0.0
0.55,0.0,0.0,25.5,0.0,5.5,0.0
0.6000000000000001,0.0,0.0,25.5,0.0,6.0,0.0
0.65,0.0,0.0,25.5,0.0,6.5,0.0
0.7000000000000001,0.0,0.0,25.5,0.0,7.0,0.0
0.75,0.0,0.0,25.5,0.0,7.5,0.0
0.8,0.0,0.0,25.5,0.0,8.0,0.0
0.8500000000000001,0.0,0.0,25.5,0.0,8.5,0.0
0.9,0.0,0.0,25.5,0.0,9.0,0.0
0.9500000000000001,0.0,0.0,25.5,0.0,9.5,0.0
1.0,0.0,0.0,25.5,0.0,10.0,0.0
1.05,0.0,0.0,25.5,0.0,10.5,0.0
1.1,0.0,0.0,25.5,0.0,11.0,0.0
1.1500000000000001,0.0,0.0,25.5,0.0,11.5,0.0
1.2000000000000002,0.0,0.0,25.5,0.0,12.0,0.0
1.25,0.0,0.0,25.5,0.0,12.5,0.0
1.3,0.0,0.0,25.5,0.0,13.0,0.0
1.35,0.0,0.0,25.5,0.0,13.5,0.0
1.4000000000000001,0.0,0.0,25.5,0.0,14.0,0.0
1.4500000000000002,0.0,0.0,25.5,0.0,14.5,0.0
1.5,0.0,0.0,25.5,0.0,15.0,0.0
1.55,0.0,0.0,25.5,0.0,15.5,0.0
1.6,0.0,0.0,25.5,0.0,16.0,0.0
1.6500000000000001,0.0,0.0,25.5,0.0,16.5,0.0
1.7000000000000002,0.0,0.0,25.5,0.0,17.0,0.0
1.75,0.0,0.0,25.5,0.0,17.5,0.0
1.8,0.0,0.0,25.5,0.0,18.0,0.0
1.85,0.0,0.0,25.5,0.0,18.5,0.0
1.9000000000000001,0.0,0.0,25.5,0.0,19.0,0.0
1.9500000000000002,0.0,0.0,25.5,0.0,19.5,0.0
2.0,0.0,0.0,25.5,0.0,20.0,0.0
2.0500000000000003,0.0,0.0,25.5,0.0,19.5,0.0
2.1,0.0,0.0,25.5,0.0,19.0,0.0
2.15,0.0,0.0,25.5,0.0,18.5,0.0
2.2,0.0,0.0,25.5,0.0,18.0,0.0
2.25,0.0,0.0,25.5,0.0,17.5,0.0
2.3000000000000003,0.0,0.0,25.5,0.0,17.0,0.0
2.35,0.0,0.0,25.5,0.0,16.5,0.0
2.4000000000000004,0.0,0.0,25.5,0.0,16.0,0.0
2.45,0.0,0.0,25.5,0.0,15.5,0.0
2.5,0.0,0.0,25.5,0.0,15.0,0.0
2.5500000000000003,0.0,0.0,25.5,0.0,14.5,0.0
2.6,0.0,0.0,25.5,0.0,14.0,0.0
2.6500000000000004,0.0,0.0,25.5,0.0,13.5,0.0
2.7,0.0,0.0,25.5,0.0,13.0,0.0
2.75,0.0,0.0,25.5,0.0,12.5,0.0
2.8000000000000003,0.0,0.0,25.5,0.0,12.0,0.0
2.85,0.0,0.0,25.5,0.0,11.5,0.0
2.9000000000000004,0.0,0.0,25.5,0.0,11.0,0.0
2.95,0.0,0.0,25.5,0.0,10.5,0.0
3.0,0.0,0.0,25.5,0.0,10.0,0.0
3.0500000000000003,0.0,0.0,25.5,0.0,9.5,0.0
3.1,0.0,0.0,25.5,0.0,9.0,0.0
3.1500000000000004,0.0,0.0,25.5,0.0,8.5,0.0
3.2,0.0,0.0,25.5,0.0,8.0,0.0
3.25,0.0,0.0,25.5,0.0,7.5,0.0
3.3000000000000003,0.0,0.0,25.5,0.0,7.0,0.0
3.35,0.0,0.0,25.5,0.0,6.5,0.0
3.4000000000000004,0.0,0.0,25.5,0.0,6.0,0.0
3.45,0.0,0.0,25.5,0.0,5.5,0.0
3.5,0.0,0.0,25.5,0.0,5.0,0.0
3.5500000000000003,0.0,0.0,25.5,0.0,4.5,0.0
3.6,0.0,0.0,25.5,0.0,4.0,0.0
3.6500000000000004,0.0,0.0,25.5,0.0,3.5,0.0
3.7,0.0,0.0,25.5,0.0,3.0,0.0
3.75,0.0,0.0,25.5,0.0,2.5,0.0
3.8000000000000003,0.0,0.0,25.5,0.0,2.0,0.0
3.85,0.0,0.0,25.5,0.0,1.5,0.0
3.9000000000000004,0.0,0.0,25.5,0.0,1.0,0.0
3.95,0.0,0.0,25.5,0.0,0.5,0.0
4.0,0.0,0.0,25.5,0.0,0.0,0.0
4.05,0.0,0.0,25.5,0.0,-0.5,0.0
4.1000000000000005,0.0,0.0,25.5,0.0,-1.0,0.0
4.15,0.0,0.0,25.5,0.0,-1.5,0.0
4.2,0.0,0.0,25.5,0.0,-2.0,0.0
4.25,0.0,0.0,25.5,0.0,-2.5,0.0
4.3,0.0,0.0,25.5,0.0,-3.0,0.0
4.3500000000000005,0.0,0.0,25.5,0.0,-3.5,0.0
4.4,0.0,0.0,25.5,0.0,-4.0,0.0
4.45,0.0,0.0,25.5,0.0,-4.5,0.0
4.5,0.0,0.0,25.5,0.0,-5.0,0.0
4.55,0.0,0.0,25.5,0.0,-5.5,0.0
4.6000000000000005,0.0,0.0,25.5,0.0,-6.0,0.0
4.65,0.0,0.0,25.5,0.0,-6.5,0.0
4.7,0.0,0.0,25.5,0.0,-7.0,0.0
4.75,0.0,0.0,25.5,0.0,-7.5,0.0
4.800000000000001,0.0,0.0,25.5,0.0,-8.0,0.0
4.8500000000000005,0.0,0.0,25.5,0.0,-8.5,0.0
4.9,0.0,0.0,25.5,0.0,-9.0,0.0
4.95,0.0,0.0,25.5,0.0,-9.5,0.0
5.0,0.0,0.0,25.5,0.0,-10.0,0.0
5.050000000000001,0.0,0.0,25.5,0.0,-10.5,0.0
5.1000000000000005,0.0,0.0,25.5,0.0,-11.0,0.0
5.15,0.0,0.0,25.5,0.0,-11.5,0.0
5.2,0.0,0.0,25.5,0.0,-12.0,0.0
5.25,0.0,0.0,25.5,0.0,-12.5,0.0
5.300000000000001,0.0,0.0,25.5,0.0,-13.0,0.0
5.3500000000000005,0.0,0.0,25.5,0.0,-13.5,0.0
5.4,0.0,0.0,25.5,0.0,-14.0,0.0
5.45,0.0,0.0,25.5,0.0,-14.5,0.0
5.5,0.0,0.0,25.5,0.0,-15.0,0.0
5.550000000000001,0.0,0.0,25.5,0.0,-15.5,0.0
5.6000000000000005,0.0,0.0,25.5,0.0,-16.0,0.0
5.65,0.0,0.0,25.5,0.0,-16.5,0.0
5.7,0.0,0.0,25.5,0.0,-17.0,0.0
5.75,0.0,0.0,25.5,0.0,-17.5,0.0
5.800000000000001,0.0,0.0,25.5,0.0,-18.0,0.0
5.8500000000000005,0.0,0.0,25.5,0.0,-18.5,0.0
5.9,0.0,0.0,25.5,0.0,-19.0,0.0
5.95,0.0,0.0,25.5,0.0,-19.5,0.0
6.0,0.0,0.0,25.5,0.0,-20.0,0.0
6.050000000000001,0.0,0.0,25.5,0.0,-19.5,0.0
6.1000000000000005,0.0,0.0,25.5,0.0,-19.0,0.0
6.15,0.0,0.0,25.5,0.0,-18.5,0.0
6.2,0.0,0.0,25.5,0.0,-18.0,0.0
6.25,0.0,0.0,25.5,0.0,-17.5,0.0
6.300000000000001,0.0,0.0,25.5,0.0,-17.0,0.0
6.3500000000000005,0.0,0.0,25.5,0.0,-16.5,0.0
6.4,0.0,0.0,25.5,0.0,-16.0,0.0
6.45,0.0,0.0,25.5,0.0,-15.5,0.0
6.5,0.0,0.0,25.5,0.0,-15.0,0.0
6.550000000000001,0.0,0.0,25.5,0.0,-14.5,0.0
6.6000000000000005,0.0,0.0,25.5,0.0,-14.0,0.0
6.65,0.0,0.0,25.5,0.0,-13.5,0.0
6.7,0.0,0.0,25.5,0.0,-13.0,0.0
6.75,0.0,0.0,25.5,0.0,-12.5,0.0
6.800000000000001,0.0,0.0,25.5,0.0,-12.0,0.0
6.8500000000000005,0.0,0.0,25.5,0.0,-11.5,0.0
6.9,0.0,0.0,25.5,0.0,-11.0,0.0
6.95,0.0,0.0,25.5,0.0,-10.5,0.0
7.0,0.0,0.0,25.5,0.0,-10.0,0.0
7.050000000000001,0.0,0.0,25.5,0.0,-9.5,0.0
7.1000000000000005,0.0,0.0,25.5,0.0,-9.0,0.0
7.15,0.0,0.0,25.5,0.0,-8.5,0.0
7.2,0.0,0.0,25.5,0.0,-8.0,0.0
7.25,0.0,0.0,25.5,0.0,-7.5,0.0
7.300000000000001,0.0,0.0,25.5,0.0,-7.0,0.0
7.3500000000000005,0.0,0.0,25.5,0.0,-6.5,0.0
7.4,0.0,0.0,25.5,0.0,-6.0,0.0
7.45,0.0,0.0,25.5,0.0,-5.5,0.0
7.5,0.0,0.0,25.5,0.0,-5.0,0.0
7.550000000000001,0.0,0.0,25.5,0.0,-4.5,0.0
7.6000000000000005,0.0,0.0,25.5,0.0,-4.0,0.0
7.65,0.0,0.0,25.5,0.0,-3.5,0.0
7.7,0.0,0.0,25.5,0.0,-3.0,0.0
7.75,0.0,0.0,25.5,0.0,-2.5,0.0
7.800000000000001,0.0,0.0,25.5,0.0,-2.0,0.0
7.8500000000000005,0.0,0.0,25.5,0.0,-1.5,0.0
7.9,0.0,0.0,25.5,0.0,-1.0,0.0
7.95,0.0,0.0,25.5,0.0,-0.5,0.0
8.0,0.0,0.0,25.5,0.0,0.0,0.0
8.05,0.0,0.0,25.5,0.0,0.0,0.5
8.1,0.0,0.0,25.5,0.0,0.0,1.0
8.15,0.0,0.0,25.5,0.0,0.0,1.5
8.200000000000001,0.0,0.0,25.5,0.0,0.0,2.0
8.25,0.0,0.0,25.5,0.0,0.0,2.5
8.3,0.0,0.0,25.5,0.0,0.0,3.0
8.35,0.0,0.0,25.5,0.0,0.0,3.5
8.4,0.0,0.0,25.5,0.0,0.0,4.0
8.450000000000001,0.0,0.0,25.5,0.0,0.0,4.5
8.5,0.0,0.0,25.5,0.0,0.0,5.0
8.55,0.0,0.0,25.5,0.0,0.0,5.5
8.6,0.0,0.0,25.5,0.0,0.0,6.0
8.65,0.0,0.0,25.5,0.0,0.0,6.5
8.700000000000001,0.0,0.0,25.5,0.0,0.0,7.0
8.75,0.0,0.0,25.5,0.0,0.0,7.5
8.8,0.0,0.0,25.5,0.0,0.0,8.0
8.85,0.0,0.0,25.5,0.0,0.0,8.5
8.9,0.0,0.0,25.5,0.0,0.0,9.0
8.950000000000001,0.0,0.0,25.5,0.0,0.0,9.5
9.0,0.0,0.0,25.5,0.0,0.0,10.0
9.05,0.0,0.0,25.5,0.0,0.0,10.5
9.1,0.0,0.0,25.5,0.0,0.0,11.0
9.15,0.0,0.0,25.5,0.0,0.0,11.5
9.200000000000001,0.0,0.0,25.5,0.0,0.0,12.0
9.25,0.0,0.0,25.5,0.0,0.0,12.5
9.3,0.0,0.0,25.5,0.0,0.0,13.0
9.35,0.0,0.0,25.5,0.0,0.0,13.5
9.4,0.0,0.0,25.5,0.0,0.0,14.0
9.450000000000001,0.0,0.0,25.5,0.0,0.0,14.5
9.5,0.0,0.0,25.5,0.0,0.0,15.0
9.55,0.0,0.0,25.5,0.0,0.0,15.5
9.600000000000001,0.0,0.0,25.5,0.0,0.0,16.0
9.65,0.0,0.0,25.5,0.0,0.0,16.5
9.700000000000001,0.0,0.0,25.5,0.0,0.0,17.0
9.75,0.0,0.0,25.5,0.0,0.0,17.5
9.8,0.0,0.0,25.5,0.0,0.0,18.0
9.850000000000001,0.0,0.0,25.5,0.0,0.0,18.5
9.9,0.0,0.0,25.5,0.0,0.0,19.0
9.950000000000001,0.0,0.0,25.5,0.0,0.0,19.5
10.0,0.0,0.0,25.5,0.0,0.0,20.0
10.05,0.0,0.0,25.5,0.0,0.0,19.5
10.100000000000001,0.0,0.0,25.5,0.0,0.0,19.0
10.15,0.0,0.0,25.5,0.0,0.0,18.5
10.200000000000001,0.0,0.0,25.5,0.0,0.0,18.0
10.25,0.0,0.0,25.5,0.0,0.0,17.5
10.3,0.0,0.0,25.5,0.0,0.0,17.0
10.350000000000001,0.0,0.0,25.5,0.0,0.0,16.5
10.4,0.0,0.0,25.5,0.0,0.0,16.0
10.450000000000001,0.0,0.0,25.5,0.0,0.0,15.5
10.5,0.0,0.0,25.5,0.0,0.0,15.0
10.55,0.0,0.0,25.5,0.0,0.0,14.5
10.600000000000001,0.0,0.0,25.5,0.0,0.0,14.0
10.65,0.0,0.0,25.5,0.0,0.0,13.5
10.700000000000001,0.0,0.0,25.5,0.0,0.0,13.0
10.75,0.0,0.0,25.5,0.0,0.0,12.5
10.8,0.0,0.0,25.5,0.0,0.0,12.0
10.850000000000001,0.0,0.0,25.5,0.0,0.0,11.5
10.9,0.0,0.0,25.5,0.0,0.0,11.0
10.950000000000001,0.0,0.0,25.5,0.0,0.0,10.5
11.0,0.0,0.0,25.5,0.0,0.0,10.0
11.05,0.0,0.0,25.5,0.0,0.0,9.5
11.100000000000001,0.0,0.0,25.5,0.0,0.0,9.0
11.15,0.0,0.0,25.5,0.0,0.0,8.5
11.200000000000001,0.0,0.0,25.5,0.0,0.0,8.0
11.25,0.0,0.0,25.5,0.0,0.0,7.5
11.3,0.0,0.0,25.5,0.0,0.0,7.0
11.350000000000001,0.0,0.0,25.5,0.0,0.0,6.5
11.4,0.0,0.0,25.5,0.0,0.0,6.0
11.450000000000001,0.0,0.0,25.5,0.0,0.0,5.5
11.5,0.0,0.0,25.5,0.0,0.0,5.0
11.55,0.0,0.0,25.5,0.0,0.0,4.5
11.600000000000001,0.0,0.0,25.5,0.0,0.0,4.0
11.65,0.0,0.0,25.5,0.0,0.0,3.5
11.700000000000001,0.0,0.0,25.5,0.0,0.0,3.0
11.75,0.0,0.0,25.5,0.0,0.0,2.5
11.8,0.0,0.0,25.5,0.0,0.0,2.0
11.850000000000001,0.0,0.0,25.5,0.0,0.0,1.5
11.9,0.0,0.0,25.5,0.0,0.0,1.0
11.950000000000001,0.0,0.0,25.5,0.0,0.0,0.5
12.0,0.0,0.0,25.5,0.0,0.0,0.0
12.05,0.0,0.0,25.5,0.0,0.0,-0.5
12.100000000000001,0.0,0.0,25.5,0.0,0.0,-1.0
12.15,0.0,0.0,25.5,0.0,0.0,-1.5
12.200000000000001,0.0,0.0,25.5,0.0,0.0,-2.0
12.25,0.0,0.0,25.5,0.0,0.0,-2.5
12.3,0.0,0.0,25.5,0.0,0.0,-3.0
12.350000000000001,0.0,0.0,25.5,0.0,0.0,-3.5
12.4,0.0,0.0,25.5,0.0,0.0,-4.0
12.450000000000001,0.0,0.0,25.5,0.0,0.0,-4.5
12.5,0.0,0.0,25.5,0.0,0.0,-5.0
12.55,0.0,0.0,25.5,0.0,0.0,-5.5
12.600000000000001,0.0,0.0,25.5,0.0,0.0,-6.0
12.65,0.0,0.0,25.5,0.0,0.0,-6.5
12.700000000000001,0.0,0.0,25.5,0.0,0.0,-7.0
12.75,0.0,0.0,25.5,0.0,0.0,-7.5
12.8,0.0,0.0,25.5,0.0,0.0,-8.0
12.850000000000001,0.0,0.0,25.5,0.0,0.0,-8.5
12.9,0.0,0.0,25.5,0.0,0.0,-9.0
12.950000000000001,0.0,0.0,25.5,0.0,0.0,-9.5
13.0,0.0,0.0,25.5,0.0,0.0,-10.0
13.05,0.0,0.0,25.5,0.0,0.0,-10.5
13.100000000000001,0.0,0.0,25.5,0.0,0.0,-11.0
13.15,0.0,0.0,25.5,0.0,0.0,-11.5
13.200000000000001,0.0,0.0,25.5,0.0,0.0,-12.0
13.25,0.0,0.0,25.5,0.0,0.0,-12.5
13.3,0.0,0.0,25.5,0.0,0.0,-13.0
13.350000000000001,0.0,0.0,25.5,0.0,0.0,-13.5
13.4,0.0,0.0,25.5,0.0,0.0,-14.0
13.450000000000001,0.0,0.0,25.5,0.0,0.0,-14.5
13.5,0.0,0.0,25.5,0.0,0.0,-15.0
13.55,0.0,0.0,25.5,0.0,0.0,-15.5
13.600000000000001,0.0,0.0,25.5,0.0,0.0,-16.0
13.65,0.0,0.0,25.5,0.0,0.0,-16.5
13.700000000000001,0.0,0.0,25.5,0.0,0.0,-17.0
13.75,0.0,0.0,25.5,0.0,0.0,-17.5
13.8,0.0,0.0,25.5,0.0,0.0,-18.0
13.850000000000001,0.0,0.0,25.5,0.0,0.0,-18.5
13.9,0.0,0.0,25.5,0.0,0.0,-19.0
13.950000000000001,0.0,0.0,25.5,0.0,0.0,-19.5
14.0,0.0,0.0,25.5,0.0,0.0,-20.0
14.05,0.0,0.0,25.5,0.0,0.0,-19.5
14.100000000000001,0.0,0.0,25.5,0.0,0.0,-19.0
14.15,0.0,0.0,25.5,0.0,0.0,-18.5
14.200000000000001,0.0,0.0,25.5,0.0,0.0,-18.0
14.25,0.0,0.0,25.5,0.0,0.0,-17.5
14.3,0.0,0.0,25.5,0.0,0.0,-17.0
14.350000000000001,0.0,0.0,25.5,0.0,0.0,-16.5
14.4,0.0,0.0,25.5,0.0,0.0,-16.0
14.450000000000001,0.0,0.0,25.5,0.0,0.0,-15.5
14.5,0.0,0.0,25.5,0.0,0.0,-15.0
14.55,0.0,0.0,25.5,0.0,0.0,-14.5
14.600000000000001,0.0,0.0,25.5,0.0,0.0,-14.0
14.65,0.0,0.0,25.5,0.0,0.0,-13.5
14.700000000000001,0.0,0.0,25.5,0.0,0.0,-13.0
14.75,0.0,0.0,25.5,0.0,0.0,-12.5
14.8,0.0,0.0,25.5,0.0,0.0,-12.0
14.850000000000001,0.0,0.0,25.5,0.0,0.0,-11.5
14.9,0.0,0.0,25.5,0.0,0.0,-11.0
14.950000000000001,0.0,0.0,25.5,0.0,0.0,-10.5
15.0,0.0,0.0,25.5,0.0,0.0,-10.0
15.05,0.0,0.0,25.5,0.0,0.0,-9.5
15.100000000000001,0.0,0.0,25.5,0.0,0.0,-9.0
15.15,0.0,0.0,25.5,0.0,0.0,-8.5
15.200000000000001,0.0,0.0,25.5,0.0,0.0,-8.0
15.25,0.0,0.0,25.5,0.0,0.0,-7.5
15.3,0.0,0.0,25.5,0.0,0.0,-7.0
15.350000000000001,0.0,0.0,25.5,0.0,0.0,-6.5
15.4,0.0,0.0,25.5,0.0,0.0,-6.0
15.450000000000001,0.0,0.0,25.5,0.0,0.0,-5.5
15.5,0.0,0.0,25.5,0.0,0.0,-5.0
15.55,0.0,0.0,25.5,0.0,0.0,-4.5
15.600000000000001,0.0,0.0,25.5,0.0,0.0,-4.0
15.65,0.0,0.0,25.5,0.0,0.0,-3.5
15.700000000000001,0.0,0.0,25.5,0.0,0.0,-3.0
15.75,0.0,0.0,25.5,0.0,0.0,-2.5
15.8,0.0,0.0,25.5,0.0,0.0,-2.0
15.850000000000001,0.0,0.0,25.5,0.0,0.0,-1.5
15.9,0.0,0.0,25.5,0.0,0.0,-1.0
15.950000000000001,0.0,0.0,25.5,0.0,0.0,-0.5
16.0,0.0,0.0,25.5,0.0,0.0,0.0
16.05,0.0,0.0,25.5,0.5,0.0,0.0
16.1,0.0,0.0,25.5,1.0,0.0,0.0
16.150000000000002,0.0,0.0,25.5,1.5,0.0,0.0
16.2,0.0,0.0,25.5,2.0,0.0,0.0
16.25,0.0,0.0,25.5,2.5,0.0,0.0
16.3,0.0,0.0,25.5,3.0,0.0,0.0
16.35,0.0,0.0,25.5,3.5,0.0,0.0
16.400000000000002,0.0,0.0,25.5,4.0,0.0,0.0
16.45,0.0,0.0,25.5,4.5,0.0,0.0
16.5,0.0,0.0,25.5,5.0,0.0,0.0
16.55,0.0,0.0,25.5,5.5,0.0,0.0
16.6,0.0,0.0,25.5,6.0,0.0,0.0
16.650000000000002,0.0,0.0,25.5,6.5,0.0,0.0
16.7,0.0,0.0,25.5,7.0,0.0,0.0
16.75,0.0,0.0,25.5,7.5,0.0,0.0
16.8,0.0,0.0,25.5,8.0,0.0,0.0
16.85,0.0,0.0,25.5,8.5,0.0,0.0
16.900000000000002,0.0,0.0,25.5,9.0,0.0,0.0
16.95,0.0,0.0,25.5,9.5,0.0,0.0
17.0,0.0,0.0,25.5,10.0,0.0,0.0
17.05,0.0,0.0,25.5,10.5,0.0,0.0
17.1,0.0,0.0,25.5,11.0,0.0,0.0
17.150000000000002,0.0,0.0,25.5,11.5,0.0,0.0
17.2,0.0,0.0,25.5,12.0,0.0,0.0
17.25,0.0,0.0,25.5,12.5,0.0,0.0
17.3,0.0,0.0,25.5,13.0,0.0,0.0
17.35,0.0,0.0,25.5,13.5,0.0,0.0
17.400000000000002,0.0,0.0,25.5,14.0,0.0,0.0
17.45,0.0,0.0,25.5,14.5,0.0,0.0
17.5,0.0,0.0,25.5,15.0,0.0,0.0
17.55,0.0,0.0,25.5,15.5,0.0,0.0
17.6,0.0,0.0,25.5,16.0,0.0,0.0
17.650000000000002,0.0,0.0,25.5,16.5,0.0,0.0
17.7,0.0,0.0,25.5,17.0,0.0,0.0
17.75,0.0,0.0,25.5,17.5,0.0,0.0
17.8,0.0,0.0,25.5,18.0,0.0,0.0
17.85,0.0,0.0,25.5,18.5,0.0,0.0
17.900000000000002,0.0,0.0,25.5,19.0,0.0,0.0
17.95,0.0,0.0,25.5,19.5,0.0,0.0
18.0,0.0,0.0,25.5,20.0,0.0,0.0
18.05,0.0,0.0,25.5,19.5,0.0,0.0
18.1,0.0,0.0,25.5,19.0,0.0,0.0
18.150000000000002,0.0,0.0,25.5,18.5,0.0,0.0
18.2,0.0,0.0,25.5,18.0,0.0,0.0
18.25,0.0,0.0,25.5,17.5,0.0,0.0
18.3,0.0,0.0,25.5,17.0,0.0,0.0
18.35,0.0,0.0,25.5,16.5,0.0,0.0
18.400000000000002,0.0,0.0,25.5,16.0,0.0,0.0
18.45,0.0,0.0,25.5,15.5,0.0,0.0
18.5,0.0,0.0,25.5,15.0,0.0,0.0
18.55,0.0,0.0,25.5,14.5,0.0,0.0
18.6,0.0,0.0,25.5,14.0,0.0,0.0
18.650000000000002,0.0,0.0,25.5,13.5,0.0,0.0
18.7,0.0,0.0,25.5,13.0,0.0,0.0
18.75,0.0,0.0,25.5,12.5,0.0,0.0
18.8,0.0,0.0,25.5,12.0,0.0,0.0
18.85,0.0,0.0,25.5,11.5,0.0,0.0
18.900000000000002,0.0,0.0,25.5,11.0,0.0,0.0
18.95,0.0,0.0,25.5,10.5,0.0,0.0
19.0,0.0,0.0,25.5,10.0,0.0,0.0
19.05,0.0,0.0,25.5,9.5,0.0,0.0
19.1,0.0,0.0,25.5,9.0,0.0,0.0
19.150000000000002,0.0,0.0,25.5,8.5,0.0,0.0
19.200000000000003,0.0,0.0,25.5,8.0,0.0,0.0
19.25,0.0,0.0,25.5,7.5,0.0,0.0
19.3,0.0,0.0,25.5,7.0,0.0,0.0
19.35,0.0,0.0,25.5,6.5,0.0,0.0
19.400000000000002,0.0,0.0,25.5,6.0,0.0,0.0
19.450000000000003,0.0,0.0,25.5,5.5,0.0,0.0
19.5,0.0,0.0,25.5,5.0,0.0,0.0
19.55,0.0,0.0,25.5,4.5,0.0,0.0
19.6,0.0,0.0,25.5,4.0,0.0,0.0
19.650000000000002,0.0,0.0,25.5,3.5,0.0,0.0
19.700000000000003,0.0,0.0,25.5,3.0,0.0,0.0
19.75,0.0,0.0,25.5,2.5,0.0,0.0
19.8,0.0,0.0,25.5,2.0,0.0,0.0
19.85,0.0,0.0,25.5,1.5,0.0,0.0
19.900000000000002,0.0,0.0,25.5,1.0,0.0,0.0
19.950000000000003,0.0,0.0,25.5,0.5,0.0,0.0
20.0,0.0,0.0,25.5,0.0,0.0,0.0
20.05,0.0,0.0,25.5,-0.5,0.0,0.0
20.1,0.0,0.0,25.5,-1.0,0.0,0.0
20.150000000000002,0.0,0.0,25.5,-1.5,0.0,0.0
20.200000000000003,0.0,0.0,25.5,-2.0,0.0,0.0
20.25,0.0,0.0,25.5,-2.5,0.0,0.0
20.3,0.0,0.0,25.5,-3.0,0.0,0.0
20.35,0.0,0.0,25.5,-3.5,0.0,0.0
20.400000000000002,0.0,0.0,25.5,-4.0,0.0,0.0
20.450000000000003,0.0,0.0,25.5,-4.5,0.0,0.0
20.5,0.0,0.0,25.5,-5.0,0.0,0.0
20.55,0.0,0.0,25.5,-5.5,0.0,0.0
20.6,0.0,0.0,25.5,-6.0,0.0,0.0
20.650000000000002,0.0,0.0,25.5,-6.5,0.0,0.0
20.700000000000003,0.0,0.0,25.5,-7.0,0.0,0.0
20.75,0.0,0.0,25.5,-7.5,0.0,0.0
20.8,0.0,0.0,25.5,-8.0,0.0,0.0
20.85,0.0,0.0,25.5,-8.5,0.0,0.0
20.900000000000002,0.0,0.0,25.5,-9.0,0.0,0.0
20.950000000000003,0.0,0.0,25.5,-9.5,0.0,0.0
21.0,0.0,0.0,25.5,-10.0,0.0,0.0
21.05,0.0,0.0,25.5,-10.5,0.0,0.0
21.1,0.0,0.0,25.5,-11.0,0.0,0.0
21.150000000000002,0.0,0.0,25.5,-11.5,0.0,0.0
21.200000000000003,0.0,0.0,25.5,-12.0,0.0,0.0
21.25,0.0,0.0,25.5,-12.5,0.0,0.0
21.3,0.0,0.0,25.5,-13.0,0.0,0.0
21.35,0.0,0.0,25.5,-13.5,0.0,0.0
21.400000000000002,0.0,0.0,25.5,-14.0,0.0,0.0
21.450000000000003,0.0,0.0,25.5,-14.5,0.0,0.0
21.5,0.0,0.0,25.5,-15.0,0.0,0.0
21.55,0.0,0.0,25.5,-15.5,0.0,0.0
21.6,0.0,0.0,25.5,-16.0,0.0,0.0
21.650000000000002,0.0,0.0,25.5,-16.5,0.0,0.0
21.700000000000003,0.0,0.0,25.5,-17.0,0.0,0.0
21.75,0.0,0.0,25.5,-17.5,0.0,0.0
21.8,0.0,0.0,25.5,-18.0,0.0,0.0
21.85,0.0,0.0,25.5,-18.5,0.0,0.0
21.900000000000002,0.0,0.0,25.5,-19.0,0.0,0.0
21.950000000000003,0.0,0.0,25.5,-19.5,0.0,0.0
22.0,0.0,0.0,25.5,-20.0,0.0,0.0
22.05,0.0,0.0,25.5,-19.5,0.0,0.0
22.1,0.0,0.0,25.5,-19.0,0.0,0.0
22.150000000000002,0.0,0.0,25.5,-18.5,0.0,0.0
22.200000000000003,0.0,0.0,25.5,-18.0,0.0,0.0
22.25,0.0,0.0,25.5,-17.5,0.0,0.0
22.3,0.0,0.0,25.5,-17.0,0.0,0.0
22.35,0.0,0.0,25.5,-16.5,0.0,0.0
22.400000000000002,0.0,0.0,25.5,-16.0,0.0,0.0
22.450000000000003,0.0,0.0,25.5,-15.5,0.0,0.0
22.5,0.0,0.0,25.5,-15.0,0.0,0.0
22.55,0.0,0.0,25.5,-14.5,0.0,0.0
22.6,0.0,0.0,25.5,-14.0,0.0,0.0
22.650000000000002,0.0,0.0,25.5,-13.5,0.0,0.0
22.700000000000003,0.0,0.0,25.5,-13.0,0.0,0.0
22.75,0.0,0.0,25.5,-12.5,0.0,0.0
22.8,0.0,0.0,25.5,-12.0,0.0,0.0
22.85,0.0,0.0,25.5,-11.5,0.0,0.0
22.900000000000002,0.0,0.0,25.5,-11.0,0.0,0.0
22.950000000000003,0.0,0.0,25.5,-10.5,0.0,0.0
23.0,0.0,0.0,25.5,-10.0,0.0,0.0
23.05,0.0,0.0,25.5,-9.5,0.0,0.0
23.1,0.0,0.0,25.5,-9.0,0.0,0.0
23.150000000000002,0.0,0.0,25.5,-8.5,0.0,0.0
23.200000000000003,0.0,0.0,25.5,-8.0,0.0,0.0
23.25,0.0,0.0,25.5,-7.5,0.0,0.0
23.3,0.0,0.0,25.5,-7.0,0.0,0.0
23.35,0.0,0.0,25.5,-6.5,0.0,0.0
23.400000000000002,0.0,0.0,25.5,-6.0,0.0,0.0
23.450000000000003,0.0,0.0,25.5,-5.5,0.0,0.0
23.5,0.0,0.0,25.5,-5.0,0.0,0.0
23.55,0.0,0.0,25.5,-4.5,0.0,0.0
23.6,0.0,0.0,25.5,-4.0,0.0,0.0
23.650000000000002,0.0,0.0,25.5,-3.5,0.0,0.0
23.700000000000003,0.0,0.0,25.5,-3.0,0.0,0.0
23.75,0.0,0.0,25.5,-2.5,0.0,0.0
23.8,0.0,0.0,25.5,-2.0,0.0,0.0
23.85,0.0,0.0,25.5,-1.5,0.0,0.0
23.900000000000002,0.0,0.0,25.5,-1.0,0.0,0.0
23.950000000000003,0.0,0.0,25.5,-0.5,0.0,0.0
24.0,0.0,0.0,25.5,0.0,0.0,0.0
